ACCURACY = 0.8721490919329861


PREDICTED ->  NNP | ,  |PRP |VBD | RB | .  | IN | DT | NN | CD |NNS | :  |JJS | JJ |VBN | TO | VB | `` | '' |PRP$|VBP |VBG | CC | WP | MD | RP |POS |VBZ | (  | )  |WRB | EX | $  |WDT |JJR |RBR |WP$ | #  |NNPS
-------------------------------------------------------------------------------------------------------------------------------------------------------------------------------------------------
actual RB   :  48 | 0  | 0  | 0  |1581| 0  |170 | 9  |131 | 1  | 2  | 0  | 2  | 56 | 0  | 0  | 6  | 0  | 0  | 0  | 0  | 0  | 5  | 0  | 0  | 35 | 0  | 0  | 0  | 0  | 0  | 4  | 0  | 0  | 0  | 0  | 0  | 0  | 0  
-------------------------------------------------------------------------------------------------------------------------------------------------------------------------------------------------
actual NNP  : 5245| 0  | 0  | 2  | 2  | 0  | 1  | 1  |153 | 40 |385 | 0  | 0  | 66 | 0  | 0  | 4  | 0  | 0  | 0  | 3  | 28 | 0  | 0  | 0  | 0  | 0  | 5  | 0  | 0  | 0  | 0  | 0  | 0  | 0  | 0  | 0  | 0  | 4  
-------------------------------------------------------------------------------------------------------------------------------------------------------------------------------------------------
actual CC   : 154 | 0  | 0  | 0  | 1  | 0  | 0  | 8  | 0  | 0  | 0  | 0  | 0  | 0  | 0  | 0  | 0  | 0  | 0  | 0  | 0  | 0  |1210| 0  | 0  | 0  | 0  | 0  | 0  | 0  | 0  | 0  | 0  | 0  | 0  | 0  | 0  | 0  | 0  
-------------------------------------------------------------------------------------------------------------------------------------------------------------------------------------------------
actual DT   : 464 | 0  | 0  | 0  | 0  | 0  | 68 |4283| 2  | 0  | 0  | 0  | 0  | 2  | 0  | 0  | 0  | 0  | 0  | 0  | 0  | 0  | 0  | 0  | 0  | 0  | 0  | 0  | 0  | 0  | 0  | 0  | 0  | 0  | 0  | 0  | 0  | 0  | 0  
-------------------------------------------------------------------------------------------------------------------------------------------------------------------------------------------------
actual JJ   : 366 | 0  | 0  | 34 | 75 | 0  | 4  | 0  |738 | 79 | 31 | 0  | 1  |2163|104 | 0  | 8  | 0  | 0  | 0  | 3  |105 | 0  | 0  | 0  | 1  | 0  | 0  | 0  | 0  | 0  | 0  | 0  | 0  | 0  | 0  | 0  | 0  | 0  
-------------------------------------------------------------------------------------------------------------------------------------------------------------------------------------------------
actual VBD  :  5  | 0  | 0  |1469| 0  | 0  | 0  | 0  |137 | 2  | 0  | 0  | 0  | 6  |208 | 0  | 9  | 0  | 0  | 0  | 1  | 0  | 0  | 0  | 0  | 0  | 0  | 0  | 0  | 0  | 0  | 0  | 0  | 0  | 0  | 0  | 0  | 0  | 0  
-------------------------------------------------------------------------------------------------------------------------------------------------------------------------------------------------
actual IN   : 223 | 0  | 0  | 0  | 13 | 0  |5567| 0  | 2  | 0  | 23 | 0  | 0  | 10 | 0  | 0  | 0  | 0  | 0  | 0  | 0  | 0  | 0  | 0  | 0  | 28 | 0  | 0  | 0  | 0  | 0  | 0  | 0  | 0  | 0  | 0  | 0  | 0  | 0  
-------------------------------------------------------------------------------------------------------------------------------------------------------------------------------------------------
actual NN   : 306 | 0  | 0  | 1  | 1  | 0  | 6  | 0  |6535| 58 |128 | 0  | 0  | 86 | 2  | 0  |125 | 0  | 0  | 0  | 37 |289 | 2  | 0  | 3  | 0  | 0  | 1  | 0  | 0  | 0  | 0  | 0  | 0  | 0  | 0  | 0  | 0  | 0  
-------------------------------------------------------------------------------------------------------------------------------------------------------------------------------------------------
actual JJS  :  10 | 0  | 0  | 0  | 0  | 0  | 0  | 0  | 8  | 1  | 0  | 0  |109 | 0  | 0  | 0  | 0  | 0  | 0  | 0  | 0  | 0  | 0  | 0  | 0  | 0  | 0  | 0  | 0  | 0  | 0  | 0  | 0  | 0  | 0  | 0  | 0  | 0  | 0  
-------------------------------------------------------------------------------------------------------------------------------------------------------------------------------------------------
actual PRP  :  99 | 0  |943 | 0  | 0  | 0  | 0  | 0  | 0  | 6  | 0  | 0  | 0  | 0  | 0  | 0  | 0  | 0  | 0  | 8  | 0  | 0  | 0  | 0  | 0  | 0  | 0  | 0  | 0  | 0  | 0  | 0  | 0  | 0  | 0  | 0  | 0  | 0  | 0  
-------------------------------------------------------------------------------------------------------------------------------------------------------------------------------------------------
actual VB   :  25 | 0  | 0  | 1  | 1  | 0  | 0  | 0  |301 | 3  | 3  | 0  | 0  | 11 | 2  | 0  |1142| 0  | 0  | 0  | 99 | 0  | 0  | 0  | 0  | 0  | 0  | 0  | 0  | 0  | 0  | 0  | 0  | 0  | 1  | 0  | 0  | 0  | 0  
-------------------------------------------------------------------------------------------------------------------------------------------------------------------------------------------------
actual TO   :  13 | 0  | 0  | 0  | 0  | 0  | 0  | 0  | 0  | 0  | 0  | 0  | 0  | 0  | 0  |1232| 0  | 0  | 0  | 0  | 0  | 0  | 0  | 0  | 0  | 0  | 0  | 0  | 0  | 0  | 0  | 0  | 0  | 0  | 0  | 0  | 0  | 0  | 0  
-------------------------------------------------------------------------------------------------------------------------------------------------------------------------------------------------
actual RBR  :  3  | 0  | 0  | 0  | 0  | 0  | 0  | 0  | 1  | 0  | 1  | 0  | 0  | 2  | 0  | 0  | 0  | 0  | 0  | 0  | 0  | 0  | 0  | 0  | 0  | 0  | 0  | 0  | 0  | 0  | 0  | 0  | 0  | 0  | 39 | 66 | 0  | 0  | 0  
-------------------------------------------------------------------------------------------------------------------------------------------------------------------------------------------------
actual VBN  :  15 | 0  | 0  |210 | 0  | 0  | 0  | 0  |191 | 2  | 0  | 0  | 0  | 9  |638 | 0  | 35 | 0  | 0  | 0  | 0  | 0  | 0  | 0  | 0  | 0  | 0  | 0  | 0  | 0  | 0  | 0  | 0  | 0  | 0  | 0  | 0  | 0  | 0  
-------------------------------------------------------------------------------------------------------------------------------------------------------------------------------------------------
actual NNS  :  23 | 0  | 0  | 0  | 0  | 0  | 0  | 0  | 5  | 6  |3373| 0  | 0  | 1  | 0  | 0  | 0  | 0  | 0  | 0  | 0  | 0  | 0  | 0  | 0  | 0  | 0  |104 | 0  | 0  | 0  | 0  | 0  | 0  | 0  | 0  | 0  | 0  | 1  
-------------------------------------------------------------------------------------------------------------------------------------------------------------------------------------------------
actual EX   :  25 | 0  | 0  | 0  | 0  | 0  | 0  | 0  | 0  | 0  | 0  | 0  | 0  | 0  | 0  | 0  | 0  | 0  | 0  | 0  | 0  | 0  | 0  | 0  | 0  | 0  | 0  | 0  | 0  | 0  | 0  | 32 | 0  | 0  | 0  | 0  | 0  | 0  | 0  
-------------------------------------------------------------------------------------------------------------------------------------------------------------------------------------------------
actual NNPS :  4  | 0  | 0  | 0  | 0  | 0  | 0  | 0  | 0  | 0  | 31 | 0  | 0  | 1  | 0  | 0  | 0  | 0  | 0  | 0  | 0  | 0  | 0  | 0  | 0  | 0  | 0  | 0  | 0  | 0  | 0  | 0  | 0  | 0  | 0  | 0  | 0  | 0  | 6  
-------------------------------------------------------------------------------------------------------------------------------------------------------------------------------------------------
actual VBP  :  5  | 0  | 0  | 0  | 0  | 0  | 1  | 0  | 85 | 1  | 1  | 0  | 0  | 3  | 2  | 0  |101 | 0  | 0  | 0  |603 | 0  | 0  | 0  | 0  | 0  | 0  | 0  | 0  | 0  | 0  | 0  | 0  | 0  | 0  | 0  | 0  | 0  | 0  
-------------------------------------------------------------------------------------------------------------------------------------------------------------------------------------------------
actual $    :  4  | 0  | 0  | 0  | 0  | 0  | 0  | 0  | 0  | 0  | 0  | 0  | 0  | 0  | 0  | 0  | 0  | 0  | 0  | 0  | 0  | 0  | 0  | 0  | 0  | 0  | 0  | 0  | 0  | 0  | 0  | 0  |371 | 0  | 0  | 0  | 0  | 0  | 0  
-------------------------------------------------------------------------------------------------------------------------------------------------------------------------------------------------
actual PDT  :  2  | 0  | 0  | 0  | 0  | 0  | 0  | 10 | 3  | 0  | 0  | 0  | 0  | 3  | 0  | 0  | 0  | 0  | 0  | 0  | 0  | 0  | 0  | 0  | 0  | 0  | 0  | 0  | 0  | 0  | 0  | 0  | 0  | 0  | 0  | 0  | 0  | 0  | 0  
-------------------------------------------------------------------------------------------------------------------------------------------------------------------------------------------------
actual PRP$ :  2  | 0  | 0  | 0  | 0  | 0  | 0  | 0  | 0  | 0  | 0  | 0  | 0  | 0  | 0  | 0  | 0  | 0  | 0  |508 | 0  | 0  | 0  | 0  | 0  | 0  | 0  | 0  | 0  | 0  | 0  | 0  | 0  | 0  | 0  | 0  | 0  | 0  | 0  
-------------------------------------------------------------------------------------------------------------------------------------------------------------------------------------------------
actual WP   :  5  | 0  | 0  | 0  | 0  | 0  | 0  | 0  | 0  | 0  | 0  | 0  | 0  | 0  | 0  | 0  | 0  | 0  | 0  | 0  | 0  | 0  | 0  |106 | 0  | 0  | 0  | 0  | 0  | 0  | 0  | 0  | 0  | 0  | 0  | 0  | 0  | 0  | 0  
-------------------------------------------------------------------------------------------------------------------------------------------------------------------------------------------------
actual FW   :  7  | 0  | 0  | 0  | 0  | 0  | 0  | 0  | 9  | 0  | 4  | 0  | 0  | 0  | 0  | 0  | 0  | 0  | 0  | 0  | 0  | 0  | 0  | 0  | 0  | 0  | 0  | 0  | 0  | 0  | 0  | 0  | 0  | 0  | 0  | 0  | 0  | 0  | 0  
-------------------------------------------------------------------------------------------------------------------------------------------------------------------------------------------------
actual JJR  :  5  | 0  | 0  | 0  | 0  | 0  | 0  | 0  | 16 | 0  | 0  | 0  | 0  | 1  | 0  | 0  | 0  | 0  | 0  | 0  | 0  | 0  | 0  | 0  | 0  | 0  | 0  | 0  | 0  | 0  | 0  | 0  | 0  | 0  | 98 | 78 | 0  | 0  | 0  
-------------------------------------------------------------------------------------------------------------------------------------------------------------------------------------------------
actual RBS  :  4  | 0  | 0  | 0  | 0  | 0  | 0  | 0  | 0  | 0  | 0  | 0  | 26 | 0  | 0  | 0  | 0  | 0  | 0  | 0  | 0  | 0  | 0  | 0  | 0  | 0  | 0  | 0  | 0  | 0  | 0  | 0  | 0  | 0  | 0  | 0  | 0  | 0  | 0  
-------------------------------------------------------------------------------------------------------------------------------------------------------------------------------------------------
actual CD   :  1  | 0  | 0  | 0  | 0  | 0  | 0  | 0  | 0  |1934| 0  | 0  | 0  | 0  | 0  | 0  | 0  | 0  | 0  | 0  | 0  | 0  | 0  | 0  | 0  | 0  | 0  | 0  | 0  | 0  | 0  | 0  | 0  | 0  | 0  | 0  | 0  | 0  | 0  
-------------------------------------------------------------------------------------------------------------------------------------------------------------------------------------------------
actual VBG  :  1  | 0  | 0  | 0  | 0  | 0  | 0  | 0  | 14 | 0  | 0  | 0  | 0  | 2  | 0  | 0  | 0  | 0  | 0  | 0  | 0  |801 | 0  | 0  | 0  | 0  | 0  | 0  | 0  | 0  | 0  | 0  | 0  | 0  | 0  | 0  | 0  | 0  | 0  
-------------------------------------------------------------------------------------------------------------------------------------------------------------------------------------------------
actual RP   :  1  | 0  | 0  | 0  | 30 | 0  | 38 | 0  | 1  | 0  | 0  | 0  | 0  | 0  | 0  | 0  | 0  | 0  | 0  | 0  | 0  | 0  | 0  | 0  | 0  |107 | 0  | 0  | 0  | 0  | 0  | 0  | 0  | 0  | 0  | 0  | 0  | 0  | 0  
-------------------------------------------------------------------------------------------------------------------------------------------------------------------------------------------------
actual UH   :  3  | 0  | 0  | 0  | 4  | 0  | 0  | 0  | 1  | 0  | 0  | 0  | 0  | 0  | 0  | 0  | 0  | 0  | 0  | 0  | 0  | 0  | 0  | 0  | 0  | 0  | 0  | 0  | 0  | 0  | 0  | 0  | 0  | 0  | 0  | 0  | 0  | 0  | 0  
-------------------------------------------------------------------------------------------------------------------------------------------------------------------------------------------------
actual WDT  :  1  | 0  | 0  | 0  | 0  | 0  |138 | 0  | 2  | 0  | 0  | 0  | 0  | 0  | 0  | 0  | 0  | 0  | 0  | 0  | 0  | 0  | 0  | 0  | 0  | 0  | 0  | 0  | 0  | 0  | 0  | 0  | 0  |139 | 0  | 0  | 0  | 0  | 0  
-------------------------------------------------------------------------------------------------------------------------------------------------------------------------------------------------
actual ,    :  0  |3070| 0  | 0  | 0  | 0  | 0  | 0  | 0  | 0  | 0  | 0  | 0  | 0  | 0  | 0  | 0  | 0  | 0  | 0  | 0  | 0  | 0  | 0  | 0  | 0  | 0  | 0  | 0  | 0  | 0  | 0  | 0  | 0  | 0  | 0  | 0  | 0  | 0  
-------------------------------------------------------------------------------------------------------------------------------------------------------------------------------------------------
actual WRB  :  0  | 0  | 0  | 0  | 1  | 0  | 0  | 0  | 1  | 0  | 0  | 0  | 0  | 0  | 0  | 0  | 0  | 0  | 0  | 0  | 0  | 0  | 0  | 0  | 0  | 0  | 0  | 0  | 0  | 0  |131 | 0  | 0  | 0  | 0  | 0  | 0  | 0  | 0  
-------------------------------------------------------------------------------------------------------------------------------------------------------------------------------------------------
actual .    :  0  | 0  | 0  | 0  | 0  |2363| 0  | 0  | 0  | 0  | 0  | 0  | 0  | 0  | 0  | 0  | 0  | 0  | 0  | 0  | 0  | 0  | 0  | 0  | 0  | 0  | 0  | 0  | 0  | 0  | 0  | 0  | 0  | 0  | 0  | 0  | 0  | 0  | 0  
-------------------------------------------------------------------------------------------------------------------------------------------------------------------------------------------------
actual SYM  :  0  | 0  | 0  | 0  | 0  | 0  | 0  | 0  | 1  | 0  | 0  | 0  | 0  | 0  | 0  | 0  | 0  | 0  | 0  | 0  | 0  | 0  | 0  | 0  | 0  | 0  | 0  | 0  | 0  | 0  | 0  | 0  | 0  | 0  | 0  | 0  | 0  | 0  | 0  
-------------------------------------------------------------------------------------------------------------------------------------------------------------------------------------------------
actual VBZ  :  0  | 0  | 0  | 0  | 0  | 0  | 0  | 0  | 1  | 0  |136 | 0  | 0  | 0  | 0  | 0  | 0  | 0  | 0  | 0  | 0  | 0  | 0  | 0  | 0  | 0  | 77 |1022| 0  | 0  | 0  | 0  | 0  | 0  | 0  | 0  | 0  | 0  | 0  
-------------------------------------------------------------------------------------------------------------------------------------------------------------------------------------------------
actual LS   :  0  | 0  | 0  | 0  | 0  | 0  | 0  | 0  | 0  | 4  | 0  | 0  | 0  | 0  | 0  | 0  | 0  | 0  | 0  | 0  | 0  | 0  | 0  | 0  | 0  | 0  | 0  | 0  | 0  | 0  | 0  | 0  | 0  | 0  | 0  | 0  | 0  | 0  | 0  
-------------------------------------------------------------------------------------------------------------------------------------------------------------------------------------------------
actual :    :  0  | 0  | 0  | 0  | 0  | 0  | 0  | 0  | 0  | 0  | 0  |336 | 0  | 0  | 0  | 0  | 0  | 0  | 0  | 0  | 0  | 0  | 0  | 0  | 0  | 0  | 0  | 0  | 0  | 0  | 0  | 0  | 0  | 0  | 0  | 0  | 0  | 0  | 0  
-------------------------------------------------------------------------------------------------------------------------------------------------------------------------------------------------
actual ``   :  0  | 0  | 0  | 0  | 0  | 0  | 0  | 0  | 0  | 0  | 0  | 0  | 0  | 0  | 0  | 0  | 0  |535 | 0  | 0  | 0  | 0  | 0  | 0  | 0  | 0  | 0  | 0  | 0  | 0  | 0  | 0  | 0  | 0  | 0  | 0  | 0  | 0  | 0  
-------------------------------------------------------------------------------------------------------------------------------------------------------------------------------------------------
actual ''   :  0  | 0  | 0  | 0  | 0  | 0  | 0  | 0  | 0  | 0  | 0  | 0  | 0  | 0  | 0  | 0  | 0  | 0  |528 | 0  | 0  | 0  | 0  | 0  | 0  | 0  | 5  | 0  | 0  | 0  | 0  | 0  | 0  | 0  | 0  | 0  | 0  | 0  | 0  
-------------------------------------------------------------------------------------------------------------------------------------------------------------------------------------------------
actual MD   :  0  | 0  | 0  | 0  | 0  | 0  | 0  | 0  | 0  | 0  | 0  | 0  | 0  | 0  | 0  | 0  | 0  | 0  | 0  | 0  | 0  | 0  | 0  | 0  |584 | 0  | 0  | 0  | 0  | 0  | 0  | 0  | 0  | 0  | 0  | 0  | 0  | 0  | 0  
-------------------------------------------------------------------------------------------------------------------------------------------------------------------------------------------------
actual POS  :  0  | 0  | 0  | 0  | 0  | 0  | 0  | 0  | 0  | 0  | 0  | 0  | 0  | 0  | 0  | 0  | 0  | 0  | 0  | 0  | 0  | 0  | 0  | 0  | 0  | 0  |551 | 0  | 0  | 0  | 0  | 0  | 0  | 0  | 0  | 0  | 0  | 0  | 0  
-------------------------------------------------------------------------------------------------------------------------------------------------------------------------------------------------
actual (    :  0  | 0  | 0  | 0  | 0  | 0  | 0  | 0  | 0  | 0  | 0  | 0  | 0  | 0  | 0  | 0  | 0  | 0  | 0  | 0  | 0  | 0  | 0  | 0  | 0  | 0  | 0  | 0  | 76 | 0  | 0  | 0  | 0  | 0  | 0  | 0  | 0  | 0  | 0  
-------------------------------------------------------------------------------------------------------------------------------------------------------------------------------------------------
actual )    :  0  | 0  | 0  | 0  | 0  | 0  | 0  | 0  | 0  | 0  | 0  | 0  | 0  | 0  | 0  | 0  | 0  | 0  | 0  | 0  | 0  | 0  | 0  | 0  | 0  | 0  | 0  | 0  | 0  | 76 | 0  | 0  | 0  | 0  | 0  | 0  | 0  | 0  | 0  
-------------------------------------------------------------------------------------------------------------------------------------------------------------------------------------------------
actual WP$  :  0  | 0  | 0  | 0  | 0  | 0  | 0  | 0  | 0  | 0  | 0  | 0  | 0  | 0  | 0  | 0  | 0  | 0  | 0  | 0  | 0  | 0  | 0  | 0  | 0  | 0  | 0  | 0  | 0  | 0  | 0  | 0  | 0  | 0  | 0  | 0  | 21 | 0  | 0  
-------------------------------------------------------------------------------------------------------------------------------------------------------------------------------------------------
actual #    :  0  | 0  | 0  | 0  | 0  | 0  | 0  | 0  | 0  | 0  | 0  | 0  | 0  | 0  | 0  | 0  | 0  | 0  | 0  | 0  | 0  | 0  | 0  | 0  | 0  | 0  | 0  | 0  | 0  | 0  | 0  | 0  | 0  | 0  | 0  | 0  | 0  | 5  | 0  
-------------------------------------------------------------------------------------------------------------------------------------------------------------------------------------------------
